-1.7497
3.5890
0.0000
2.0629
1.9435
0.3050
0.9630
2.1586
-1.1794
1.4421
1.4216
-1.5466
0.2700
0.4162
1.9015
-0.5263
0.6975
-0.5732
0.0000
1.0089
-2.9727
2.0833
-0.0480
1.9697
0.5889
-1.4754
-0.0713
-0.0951
3.5238
-0.0230
-1.6333
-2.4790
-2.8300
0.9381
1.1247
0.0725
-0.9181
-3.3406
-0.6811
-1.0922
0.1284
-1.7953
0.4962
0.6237
1.1880
1.9398
3.1798
-0.5096
-0.3659
1.1995
-0.4596
-3.3293
-3.9216
-2.9304
-0.4313
-0.5414
-1.6875
-3.3776
-0.9742
0.2604
-3.8672
-1.2609
0.2432
-0.1213
2.3687
-2.4622
-4.8358
0.7031
2.9197
0.6784
-0.6126
-0.4622
-0.7430
-1.0917
1.3876
0.0933
-1.6470
0.0948
0.7891
0.1566
-0.8130
-2.9004
1.4610
3.3280
0.6813
2.6761
-0.8388
-4.2296
-3.8170
0.1968
-4.3535
0.4107
1.2952
0.4374
0.5025
0.0000
-10.0333
-5.6688
5.1846
3.7715
1.4394
4.1149
-1.0562
-2.3760
3.7037
2.2109
3.4276
11.5830
-0.6632
2.6996
0.4805
1.0408
0.0557
0.1669
-3.3056
4.3666
-1.4588
2.0950
-0.9850
0.5526
-2.1709
-0.1404
-5.4852
-0.3571
0.3584
2.1429
0.0874
0.1456
-1.0174
2.4670
-0.0860
2.8973
2.6206
-0.5162
0.0546
-0.2456
-1.5048
0.9722
0.9629
0.0545
-1.3344
-2.0149
4.3380
-1.9978
-0.1653
0.6347
1.3162
4.8714
0.9032
-2.3018
0.3665
-2.5300
-2.6492
-0.1924
-2.4236
0.1411
-0.9301
-1.4225
1.7605
0.8225
-1.8003
3.1223
-0.6944
0.2797
1.9526
3.1464
-0.1857
0.5049
0.9519
-1.1786
2.8359
-1.4948
-2.3025
5.0884
-1.6310
0.2850
1.7825
4.5431
-1.4567
-1.5767
-0.3004
-0.8285
-0.4051
1.1693
0.6533
1.3480
-1.9458
-0.3014
-0.7811
0.5841
5.0240
0.0240
1.9707
-0.3064
1.6548
4.8837
-0.7539
-1.0277
3.4537
0.9383
0.0000
-0.3459
-0.0434
0.6293
0.9705
-0.6835
0.9677
-1.0863
-1.4858
1.3552
-1.7684
1.9319
4.7168
-1.1312
3.2869
0.0000
-4.1490
0.6934
-0.6052
1.8266
-1.7938
0.0000
2.0365
1.2346
0.4065
-1.4372
-0.3286
0.1648
-1.9749
-0.6925
-1.5004
0.0000
-0.8582
1.3369
-2.8141
1.1866
-0.5212
2.7723
3.4197
-0.1027
-1.1102
-0.9356
0.0000
-2.2036
2.2318
-0.2939
0.8632
-2.2542
1.5161
0.7573
4.3841
-6.0000
-0.1064
-4.4089
-1.3592
-0.6099
0.0000
0.4545
2.6018
-0.4631
-0.1772
2.7297
0.3456
2.3681
0.1052
0.2101
-1.4675
-0.3404
-0.2775
0.0856
-1.3904
-0.2603
0.5002
0.0866
0.2162
1.4024
-2.7234
2.3841
-0.2350
-2.9979
-1.1038
0.2009
-3.3192
1.0369
0.1140
-3.5308
-2.5030
2.0344
0.3086
-1.3251
0.0240
-2.9250
-0.3458
2.6766
0.7724
0.0719
1.9627
-1.4789
1.5011
-0.7042
0.3546
-3.2744
0.6089
0.9925
-0.0240
0.9350
4.3468
0.1138
-1.7735
2.5463
-0.9932
1.2312
2.2072
-0.5068
2.9457
0.0430
-0.6452
-4.9784
-3.4169
-0.7547
4.2063
-0.0912
-0.4565
2.3848
0.6495
4.6506
0.5741
-1.1205
-2.0098
1.2874
0.7109
-3.5508
-0.8649
1.1633
1.1720
1.5519
0.6672
2.6085
1.5628
-1.6003
1.0217
1.5273
0.4676
0.8701
-0.1805
1.8087
2.2503
-2.5483
-2.0008
0.0606
-0.3434
-0.4460
-0.2443
1.1023
-2.5237
-0.2693
1.6615
-0.6537
0.3085
-0.5535
2.2470
-0.3629
1.9021
0.0596
1.1996
2.3248
1.8589
-0.7526
-1.6114
3.7572
-0.1114
0.7250
-0.2030
-3.1996
0.5923
-0.5888
-0.8216
-1.1751
-1.5400
1.4849
-2.4581
1.3000
-0.4146
1.1301
-0.7450
0.0988
0.0592
-0.2564
-1.2060
-1.0206
-2.1431
0.1860
0.6599
-0.6351
-0.1237
-5.0372
-0.4565
-0.1747
-0.6563
-3.1491
-2.3420
5.6810
-2.1370
0.3152
-0.5386
0.9598
1.6864
-3.0769
0.4762
-0.9930
-0.3647
5.0332
0.8059
1.4909
-2.0439
-0.1739
-1.5894
-1.8805
2.0744
2.2531
1.7498
1.2951
-0.2725
-1.8075
1.7551
-0.1893
0.1264
7.0301
-0.2360
0.0197
1.0840
-0.9554
4.7244
-0.8459
-0.2275
0.0570
-0.7026
-0.4207
-0.0768
-1.1340
1.0692
-2.0966
2.0629
-3.5611
-2.4351
-2.7005
-0.7780
-0.7205
1.6009
-0.6092
0.2959
0.1264
-2.3364
-0.0647
-1.2292
-0.1747
0.0437
0.0219
2.9071
1.2744
-0.6082
0.0000
0.6330
2.0130
0.0617
-0.2465
-0.2883
1.6522
0.4673
2.1031
-2.7728
-0.1833
1.5306
-0.6231
-1.1529
4.3585
0.0392
0.0000
0.5684
-1.9684
-0.7555
0.5809
1.6929
0.8421
-0.0971
0.9331
2.0801
-0.7736
0.2092
-0.5693
0.1145
-0.9531
0.0000
1.7129
-1.0407
0.4780
0.1903
-1.2346
0.0000
3.9423
4.8104
3.1774
0.0000
-1.2660
0.4679
0.6209
-0.5656
0.1551
-4.6472
-1.5162
-2.5843
-0.2822
-0.6038
-0.1708
3.3657
-0.7542
-3.4662
-4.4163
3.0333
0.2145
-5.4086
-0.5348
0.0000
3.5980
1.6966
0.0981
1.6275
-0.5209
0.3103
1.7981
0.7028
0.9053
2.8037
-1.4545
0.0000
-1.3284
-0.7105
0.0000
-0.3390
-0.7937
2.6857
2.0219
1.9455
0.8739
-0.9901
-1.2857
-0.1990
0.6344
-1.6571
1.5751
-2.3621
-3.6011
-2.1648
1.5469
-1.8511
0.0982
2.1197
-4.1899
2.4674
1.8794
-0.4420
-3.1847
-0.5183
-4.8096
-4.1895
2.4830
-1.5009
1.3278
-0.6230
3.2642
-1.8212
-0.2132
-0.8547
-1.4871
-0.6126
-6.4715
2.2829
-1.2195
1.0016
-2.5830
0.5682
0.8945
-1.1899
1.7710
-3.2947
0.7678
1.4762
-0.3754
1.7428
2.0139
-0.9984
-0.3896
1.8868
-2.8907
-0.4651
1.7757
3.1221
-2.4043
-1.1177
0.3460
1.0575
2.1383
-1.5590
-0.1810
-0.6346
-1.5967
2.4108
-1.5392
-1.1954
0.4421
-0.9497
-1.0758
-1.6548
1.0337
-1.0945
-1.2509
-2.6797
-1.7775
-2.2933
-0.1043
-0.7833
0.7368
-1.2539
-0.1852
1.5107
2.7154
-1.6268
-6.9767
0.9164
2.0096
0.2698
1.5877
1.9073
-0.8838
-0.6032
0.3694
-2.0768
2.4698
5.1873
-1.4944
-1.4665
1.5396
-3.1590
-1.0177
1.2655
-0.0781
-0.2084
0.6527
-1.5045
-1.8699
-1.5835
1.0635
1.1333
1.8143
-0.9172
5.7921
0.0000
-2.0000
-0.9439
-0.0258
1.8032
3.0870
-0.5891
-0.4938
0.4467
0.7905
-2.9412
-2.7778
-0.0779
2.5474
2.1546
-2.6551
0.5608
0.7351
0.9059
1.9451
1.8836
0.7683
3.8837
-3.4404
-3.4442
0.8610
1.2683
-0.6262
-3.4416
-3.2380
1.6861
-3.0612
-4.0000
-1.4529
-6.6759
-5.3651
-0.1890
-2.3982
3.0068
6.7169
-1.1765
-4.5536
-0.1559
0.0940
1.0293
-4.8490
3.8627
1.4375
0.2773
6.9124
1.0057
2.9872
-0.8287
-0.2507
-1.8431
4.8080
-1.4658
-0.2204
0.0000
2.1259
2.1357
0.7941
-0.6828
-2.6177
-2.7423
-1.4517
3.0312
0.0275
4.3156
1.2912
-0.2341
1.4342
-1.2339
4.6070
0.0000
-1.3436
-6.8351
-0.0268
-0.0812
-8.7263
0.0000
0.9501
-0.3529
1.0921
-5.4596
0.0923
-0.2777
-1.1139
4.9437
-2.8921
-1.5352
-4.0225
0.0000
-3.4438
8.6137
-1.1772
-0.0627
0.7528
0.2491
-6.6149
6.4516
0.0000
3.0928
-1.8182
2.7469
-3.9351
-0.6254
0.0000
-0.2517
3.0284
0.4899
3.0469
0.6505
0.0000
-3.5840
-3.1993
5.9175
3.8930
0.6579
3.7511
-0.4930
0.3028
-1.6191
0.7252
0.0000
1.8277
-0.0267
-0.1366
-1.8521
-0.3611
0.0000
1.6713
-1.8082
1.0324
-0.9666
-2.4819
-0.0003
2.0592
-1.7652
-0.7131
1.7236
1.3838
0.6964
-1.5214
0.2528
-2.7739
-0.1153
-2.7121
-1.2159
-1.7712
-2.0477
-0.1248
0.0000
0.4998
-3.5748
2.9014
0.7519
-1.9279
-0.3488
0.3182
-1.9664
1.5852
-2.3570
-1.3369
-0.0327
2.1161
0.3238
2.6469
1.7296
1.9784
3.2131
-0.2937
0.1473
-0.4706
-2.0390
2.6848
2.3796
-0.6887
-2.4848
2.3704
-0.4342
0.1453
-2.8157
1.5233
-0.4119
-0.1773
-2.3380
2.5455
0.7979
-0.9088
0.7692
2.0552
-0.8918
-1.5965
-0.2950
0.2959
0.5310
-5.8392
1.2465
-1.2004
0.8411
-1.7609
-2.5157
0.9355
-4.1227
-1.6667
-1.0169
-1.7123
-1.0453
-1.4085
-2.6786
0.2569
7.5037
3.1665
0.3300
1.6447
-0.7443
-0.2934
2.9431
4.8285
-0.9697
-0.5508
0.1538
2.4270
-3.1194
-2.2910
0.8238
-1.6342
0.5112
2.4476
1.3031
0.7044
-1.9161
1.1473
-0.3066
0.3383
-0.8275
2.4413
-0.3620
2.2707
-0.5033
1.9935
-2.9755
1.5634
-2.3091
-0.3027
2.5833
3.5556
-8.7268
-2.0376
-1.4400
-0.1623
-0.8780
-2.4278
-0.5716
-5.3094
1.2857
0.9520
1.2924
-0.8966
-3.3403
-0.6839
-5.4005
-2.6437
1.4561
1.2413
-1.3410
2.9126
0.1132
-4.1462
-1.1404
-2.5060
3.3456
3.8295
-0.3422
0.8394
2.7242
2.0626
0.3248
2.4101
2.2831
3.0220
0.0000
-0.1663
-6.9118
2.7977
-0.2442
-1.3291
-0.8153
-1.0007
-2.3466
1.4418
-1.0204
-0.5523
0.1851
-0.5913
-5.7249
-0.4338
2.5743
-1.1583
2.9297
2.3529
0.8528
0.6618
0.8766
2.9689
-1.3010
-0.7830
1.5433
0.8133
-1.2978
0.9240
3.5211
5.0340
1.5544
-1.4031
-2.4903
-0.7629
1.9385
1.4754
0.7431
-0.4811
-0.2578
-0.7754
-0.2279
-4.0796
-2.4158
0.3487
0.4170
-1.3495
2.2799
-3.2236
-0.6733
2.3189
1.1158
0.1724
-0.7573
0.2428
-0.5536
-2.5052
-2.4268
1.3899
-1.5152
1.1722
-0.4707
-1.3823
-0.5902
3.4137
-1.3276
1.5273
1.1461
-1.0269
2.1467
1.9264
0.0000
1.0309
-0.7483
1.9191
-4.4721
0.0000
-0.2112
1.3051
-0.1393
1.6388
-5.0772
0.2530
-1.1175
-3.6092
5.5219
0.2867
-2.1444
-0.2191
0.9151
-0.2902
0.8003
2.1292
0.3534
0.0000
-3.8028
-0.1464
5.9018
-4.2575
-0.0727
-5.3904
1.5296
0.5650
3.3708
-3.0435
0.1121
1.1571
4.7232
2.6075
-2.8159
0.4240
-0.5982
2.0885
3.5021
1.1725
0.0331
-3.2771
-2.0192
-0.9780
0.3175
-2.4262
-0.1441
-7.8672
-7.9514
-4.8936
-7.8300
-5.9709
-0.0516
-2.3760
-5.8730
2.1922
-10.8361
-1.2955
-0.3125
-4.7022
8.4211
-1.1529
-20.0000
8.1123
15.1494
-7.2267
-19.4407
-15.7025
2.5490
4.4933
20.0000
13.9286
1.2539
-14.5511
-9.5652
-3.6058
-7.8969
-6.5884
-13.5266
7.0391
9.6033
14.9524
9.3621
-10.6061
12.0339
-9.6823
-0.9213
-2.9586
-3.4843
-2.0758
-5.4378
0.6823
-0.0968
-1.7442
13.0178
15.6195
-11.3208
-8.4255
-6.5056
-5.0696
-3.8743
4.7930
3.5343
0.0000
-4.0161
-4.0795
-0.1091
-2.4017
10.2908
-1.7241
1.5480
1.1179
-2.0101
14.5641
8.6840
-10.5437
-1.0129
2.0465
2.4613
7.1174
20.0000
12.2941
6.2860
-10.2021
-11.6356
-6.2112
10.5960
2.8144
-3.0285
0.0000
0.9009
-6.0714
-7.2243
-4.8497
-7.4659
0.9310
-6.2260
10.4098
-3.7862
-0.5401
-1.7843
0.7109
-5.8824
0.5000
-7.5456
6.0987
-1.7760
8.2625
3.8164
-4.8246
-3.7812
-3.4281
-0.8658
-0.9607
5.4674
-5.0167
0.4401
2.8046
-2.6428
-1.0508
-1.5929
0.0000
3.7770
15.2513
-3.1579
1.4752
6.3504
0.5763
-4.2210
-0.2240
-0.4491
-5.1880
-0.4758
1.2749
-1.7309
-2.6421
12.7467
-4.5952
-1.6055
4.2735
1.1177
-3.6109
0.3823
0.6093
-0.7570
3.8902
-1.0279
-2.4481
-0.3042
-1.2204
2.7027
-0.6767
5.0719
-1.4409
-3.4357
-6.6616
0.9732
-3.8554
-0.3342
5.6161
1.9048
-3.9720
0.2433
1.0518
3.0424
1.6317
-4.8930
5.6270
1.9787
-1.0448
-2.4133
-5.2550
1.3051
-0.9662
0.7317
2.3406
1.1830
-2.2603
4.7049
-4.0366
-6.0317
-5.8277
-1.5247
-0.0911
2.5524
-0.7111
1.3429
-2.1201
3.8809
-0.3475
-0.0872
16.0558
-8.1203
-1.3093
-1.9900
4.7377
-0.0808
2.3444
0.6319
0.4710
-1.0938
-0.5529
0.0794
10.7143
7.3118
-0.0668
-0.6016
